Threads 1\n
 60
 60
 68
 61
 60
 69
 61
 61
 61
 62
 61
 61
 60
 61
 61
 60
 60
 70
 63
 60
 61
 61
 61
 61
 60
 61
 62
 61
 61
 60
 60
 60
 60
 62
 60
 63
 74
 60
 61
 60
 68
 61
 60
 61
 61
 61
 60
 60
 61
 64
 64
 68
 61
 60
 61
 61
 97
 63
 63
 73
 61
 61
 68
 67
 69
 69
 68
 60
 61
 61
 65
 61
 76
 67
 68
 61
 67
 66
 61
 62
 60
 60
 69
 61
 61
 60
 61
 68
 60
 62
 61
 61
 60
 83
 61
 61
 66
 70
 61
 77
Threads 2\n
 199
 227
 260
 532
 421
 711
 788
 767
 434
 253
 541
 452
 250
 263
 241
 248
 237
 196
 246
 600
 393
 391
 546
 209
 243
 418
 189
 253
 268
 417
 238
 353
 217
 243
 205
 227
 386
 447
 432
 224
 249
 378
 391
 218
 255
 487
 237
 420
 403
 383
 238
 260
 244
 233
 204
 434
 219
 395
 228
 419
 373
 229
 436
 466
 241
 250
 395
 216
 391
 197
 371
 415
 352
 190
 509
 212
 213
 323
 388
 282
 282
 209
 448
 424
 464
 383
 260
 457
 254
 384
 239
 219
 290
 406
 519
 203
 256
 267
 424
 410
Threads 4\n
 1353
 1064
 540
 1013
 1307
 1035
 1128
 1091
 1125
 1027
 1008
 1046
 1338
 1401
 1330
 1360
 1059
 1332
 1357
 583
 1324
 1100
 1319
 1416
 1271
 1055
 1042
 514
 1030
 1065
 1019
 1017
 1373
 1046
 1064
 1065
 1357
 1097
 1314
 1340
 1131
 495
 1334
 1057
 1036
 1300
 563
 1058
 542
 1345
 1370
 1095
 590
 1077
 1341
 1364
 1360
 1085
 1340
 1323
 1132
 1420
 1222
 1371
 1125
 1152
 1031
 1018
 1052
 1045
 1037
 1024
 1078
 1297
 1365
 1332
 1046
 1428
 1193
 982
 1047
 1319
 1420
 1322
 1304
 1095
 1086
 1340
 1461
 782
 547
 927
 872
 961
 1003
 1119
 1084
 1035
 1149
 1079
Threads 8\n
 2140
 2182
 2625
 2270
 2110
 2312
 2270
 2333
 2153
 2345
 2412
 1842
 2183
 2393
 2314
 2635
 2660
 2585
 2090
 2247
 2405
 2135
 2353
 2488
 2609
 2538
 2930
 2420
 2489
 2085
 2032
 2365
 1951
 2395
 2551
 2140
 1591
 2566
 2683
 2578
 2550
 1730
 2565
 2801
 2215
 2645
 2525
 2434
 2422
 2509
 2447
 2588
 2168
 2155
 2262
 2640
 2365
 2010
 2512
 2788
 2519
 1921
 2684
 1896
 2510
 2410
 2476
 2365
 2618
 2368
 2663
 2275
 2283
 2105
 2221
 2327
 2465
 2330
 2438
 2130
 2335
 2371
 2891
 2261
 2563
 2167
 2468
 2593
 2191
 2552
 2221
 2592
 2525
 2724
 2517
 2611
 2532
 2490
 2521
 2457
Threads 16\n
 4918
 5291
 4575
 5128
 5035
 4761
 4496
 4467
 5965
 4958
 4861
 4122
 5107
 5173
 5134
 4612
 5217
 5231
 4453
 4890
 4918
 4633
 4782
 4708
 4926
 4769
 5045
 4167
 5373
 5269
 4640
 4330
 2913
 3673
 5829
 5068
 3471
 3817
 4514
 5133
 5392
 4721
 4893
 4896
 4666
 4289
 4785
 5158
 4834
 4771
 4657
 4911
 4968
 4743
 5495
 4018
 4883
 4160
 4662
 5494
 4843
 4656
 5197
 4231
 4911
 4442
 3673
 4077
 4829
 5128
 4729
 3997
 3883
 4045
 4913
 5029
 4896
 4482
 4825
 4688
 5148
 4424
 4776
 4405
 4909
 5106
 4108
 5184
 4995
 5507
 4563
 5179
 4822
 4955
 4282
 4442
 5128
 4946
 4546
 5072
